# Electron linewidth = 2*Im(Sigma) (meV)
#      ik       ibnd                 E(ibnd)      Im(Sigma)(meV)
        1         11   -0.15715555216050E+01    0.13693785579010E+01
        1         12    0.10097659889051E+00    0.23743459470677E+02
        2         11   -0.15625464582081E+01    0.82315187745422E+00
        2         12    0.22434935344920E-01    0.11689143290744E+02
        3         11   -0.15625468110613E+01    0.82362911544941E+00
        3         12    0.22491106280742E-01    0.11697730400823E+02
        4         11   -0.15626025530636E+01    0.73738221923473E+00
        4         12    0.69656361077681E-01    0.11022552064778E+02
        5         11   -0.89177270350140E+00    0.81141857217407E+00
        5         12    0.10357170309371E+00    0.10760524133937E+02
        6         11   -0.89206750443114E+00    0.80610594695463E+00
        6         12    0.10379657124464E+00    0.10747811800608E+02
        7         11   -0.15626011897994E+01    0.73739208422344E+00
        7         12    0.69276003082374E-01    0.10943743074509E+02
        8         11   -0.15702426964044E+01    0.81788946303145E+00
        8         12    0.90686585862521E-01    0.10973509805589E+02
        9         11   -0.97745356817234E+00    0.10973386181845E+01
        9         12    0.30803380885223E-02    0.10321103802289E+02
       10         11   -0.97752325449058E+00    0.11006132008393E+01
       10         12    0.30913780942242E-02    0.10314950608602E+02
       11         11   -0.15702428973011E+01    0.81732627247700E+00
       11         12    0.90737793124912E-01    0.10964473890321E+02
       12         11   -0.15824588524979E+01    0.10203947857179E+01
       12         12    0.31066078186123E-01    0.97681510966685E+01
       13         11   -0.15824586343916E+01    0.10191356922315E+01
       13         12    0.31043313518256E-01    0.97566455254876E+01
       14         11   -0.16003955655110E+01    0.13794049891673E+01
       14         12   -0.13278053813682E+00    0.14400780975921E+02
       15         11   -0.16003961416875E+01    0.13673940741695E+01
       15         12   -0.13298253506157E+00    0.14397554509868E+02
       16         11   -0.15823308712442E+01    0.11559060677136E+01
       16         12    0.76304359017156E-01    0.14575766731230E+02
       17         11   -0.15822529070701E+01    0.11703349277842E+01
       17         12    0.76189626130767E-01    0.14595117378639E+02
       18         11   -0.15811285596036E+01    0.10732676887490E+01
       18         12    0.10893264065956E+00    0.10785476350666E+02
       19         11   -0.87179763859291E+00    0.13398204535174E+01
       19         12    0.13668731810021E+00    0.82177817929631E+01
       20         11   -0.86998973772881E+00    0.14022161677208E+01
       20         12    0.13342451318751E+00    0.82711146662247E+01
       21         11   -0.15809250267050E+01    0.10691442900327E+01
       21         12    0.10624282597698E+00    0.11036808089531E+02
       22         11   -0.15878355533986E+01    0.11211129028176E+01
       22         12    0.12673135883025E+00    0.73436791066322E+01
       23         11   -0.94497202377869E+00    0.77888978779873E+00
       23         12    0.45930765956425E-01    0.11445356080005E+02
       24         11   -0.94298483041789E+00    0.76815773007046E+00
       24         12    0.43066842337073E-01    0.11439783646719E+02
       25         11   -0.15880060616737E+01    0.11255506678627E+01
       25         12    0.12797564311650E+00    0.71758491010925E+01
       26         11   -0.15988904184870E+01    0.12558206042009E+01
       26         12    0.66878077071020E-01    0.10047904695926E+02
       27         11   -0.10209863142598E+01    0.13957210072577E+01
       27         12   -0.10077469818898E+00    0.12759655048561E+02
       28         11   -0.10193427418674E+01    0.13792467133217E+01
       28         12   -0.10229822090077E+00    0.12771852493363E+02
       29         11   -0.15994588912487E+01    0.12520803060409E+01
       29         12    0.69786420505866E-01    0.10306321398542E+02
       30         11   -0.16117579143019E+01    0.11653548596661E+01
       30         12   -0.16120058749396E+00    0.13469822850671E+02
       31         11   -0.15893689032528E+01    0.30722475009332E+01
       31         12   -0.72902025401542E-01    0.94271018113178E+01
       32         11   -0.14325199914230E+01    0.92769057207857E+00
       32         12   -0.11274924564702E+00    0.13909815238491E+02
       33         11   -0.14329008679584E+01    0.93269055856515E+00
       33         12   -0.11304266093299E+00    0.13885912911874E+02
       34         11   -0.15903550073422E+01    0.30787908449689E+01
       34         12   -0.74605561121611E-01    0.96256952546020E+01
       35         11   -0.16112400009244E+01    0.11621625752976E+01
       35         12   -0.16291150798953E+00    0.13603787234002E+02
       36         11   -0.16522925588678E+01    0.79414425696381E+00
       36         12   -0.29078186032007E-01    0.89596569758767E+01
       37         11   -0.16512723847767E+01    0.84449304515607E+00
       37         12   -0.29648303999845E-01    0.90053959271591E+01
       38         11   -0.16549103644795E+01    0.67028736068353E+00
       38         12   -0.84130564834700E-01    0.84234911509086E+01
       39         11   -0.16548514047786E+01    0.66512047940552E+00
       39         12   -0.85846292700777E-01    0.85315452746519E+01
       40         11   -0.16517337483897E+01    0.63035763662705E+00
       40         12   -0.58760574187386E-01    0.55952053268199E+01
       41         11   -0.16513898553232E+01    0.63219109071613E+00
       41         12   -0.61411032612536E-01    0.55628671593675E+01
       42         11   -0.16560499998755E+01    0.59727676031330E+00
       42         12   -0.71792511058862E-01    0.60113271506862E+01
       43         11   -0.85688130539206E+00    0.25400374495807E+01
       43         12    0.59918043862613E-01    0.12924336646739E+02
       44         11   -0.85464762220698E+00    0.26392994561981E+01
       44         12    0.57969859489047E-01    0.12896241602341E+02
       45         11   -0.16568145687102E+01    0.58273110312345E+00
       45         12   -0.67862829651410E-01    0.57821999600253E+01
       46         11   -0.15218869973960E+01    0.36442528552200E+00
       46         12   -0.18719789939072E+00    0.14125089811691E+02
       47         11   -0.14551701098981E+01    0.68563853066819E+00
       47         12   -0.13721682786898E-01    0.95373470770888E+01
       48         11   -0.13532780274421E+01    0.56733168925882E+00
       48         12    0.96755733160050E-01    0.13517078067159E+02
       49         11   -0.11508397703402E+01    0.10797104958652E+01
       49         12    0.77675645237632E-01    0.14806963350930E+02
       50         11   -0.82765430838455E+00    0.32056308631040E+01
       50         12   -0.11776196748970E+00    0.14620175132214E+02
       51         11   -0.82645343888232E+00    0.31441596275078E+01
       51         12   -0.11804928034662E+00    0.14684857639938E+02
       52         11   -0.11514644903656E+01    0.10800841862667E+01
       52         12    0.77371194741156E-01    0.14793251828636E+02
       53         11   -0.13549258699042E+01    0.57764324716229E+00
       53         12    0.94753861907233E-01    0.13595430474429E+02
       54         11   -0.14563565614939E+01    0.68322579689308E+00
       54         12   -0.15774810020146E-01    0.93306648818514E+01
       55         11   -0.15218869975252E+01    0.36395279927027E+00
       55         12   -0.18719789919080E+00    0.14073716271622E+02
       56         11   -0.15625464580752E+01    0.82377038750143E+00
       56         12    0.22433338900334E-01    0.11689157130191E+02
       57         11   -0.15823305968112E+01    0.11561559401668E+01
       57         12    0.76302938694034E-01    0.14575467730863E+02
       58         11   -0.15820452177473E+01    0.11712139197410E+01
       58         12    0.76232280548802E-01    0.14627908074995E+02
       59         11   -0.17199719508268E+01    0.49564553411947E+00
       59         12    0.95456944206022E-01    0.11801994665213E+02
       60         11   -0.17200645386987E+01    0.49212315121565E+00
       60         12    0.94791095411944E-01    0.11851574414115E+02
       61         11   -0.17216364748131E+01    0.42742569566644E+00
       61         12    0.88926565035314E-01    0.10346975461252E+02
       62         11   -0.17215517755316E+01    0.42726811407663E+00
       62         12    0.87987265380636E-01    0.10369293736681E+02
       63         11   -0.16516214478826E+01    0.90339269970725E+00
       63         12    0.85515063735535E-01    0.98758383073060E+01
       64         11   -0.16512002516437E+01    0.91229181258856E+00
       64         12    0.86803728062076E-01    0.98898992509946E+01
       65         11   -0.13496668838699E+01    0.34145061464229E+00
       65         12    0.74815815540869E-02    0.88927982042375E+01
       66         11   -0.14384183914348E+00    0.14644807423880E+02
       66         12   -0.12705281327235E+00    0.15040558947109E+02
       67         11   -0.13496668839315E+01    0.34173885586692E+00
       67         12    0.74815817104379E-02    0.88653987952885E+01
       68         11   -0.82639035618074E+00    0.21999791139900E+01
       68         12   -0.11128180558210E+00    0.12261288237095E+02
       69         11   -0.60787642632218E+00    0.14151286853225E+01
       69         12    0.89611544436686E-02    0.12692144496725E+02
       70         11   -0.35788400936700E+00    0.13612730383439E+02
       70         12    0.12094314447958E-01    0.13650454214506E+02
       71         11   -0.13053743334010E+00    0.15944344115016E+02
       71         12   -0.12238757732916E+00    0.15231519769814E+02
       72         11   -0.35775941235392E+00    0.13645328610470E+02
       72         12    0.12146702601346E-01    0.13608793517010E+02
       73         11   -0.60796413326319E+00    0.14224977627506E+01
       73         12    0.88939011908569E-02    0.12641568024927E+02
       74         11   -0.82668080570070E+00    0.22124925222787E+01
       74         12   -0.11152733647831E+00    0.12192513432538E+02
       75         11   -0.12504127096378E+00    0.15889794031009E+02
       75         12   -0.12503860743122E+00    0.15889794031009E+02
       76         11   -0.15397423719601E+00    0.89242976128119E+01
       76         12   -0.11875541428463E+00    0.84991430532880E+01
       77         11   -0.14745929383319E+00    0.91913874348111E+01
       77         12   -0.11298487279021E+00    0.82301251478573E+01
       78         11   -0.12984852089099E+00    0.94925394046426E+01
       78         12   -0.97112370018951E-01    0.80359428096025E+01
       79         11   -0.10279715387082E+00    0.85420771687163E+01
       79         12   -0.75004389475819E-01    0.57382285407648E+01
       80         11   -0.67626166964795E-01    0.55791285199065E+01
       80         12   -0.43323274311866E-01    0.59135828060435E+01
       81         11   -0.16549092337585E+01    0.67029733938695E+00
       81         12   -0.84133651593489E-01    0.84238427559079E+01
       82         11   -0.17199707240626E+01    0.49564713033550E+00
       82         12    0.95455589657054E-01    0.11802005228077E+02
       83         11   -0.19506933239006E-01    0.76321737502088E+01
       83         12    0.63821183645484E-02    0.85344707324217E+01
       84         11   -0.17197966313976E+01    0.49585299568641E+00
       84         12    0.95102668846322E-01    0.11863921861894E+02
       85         11   -0.16543090841339E+01    0.67885355521468E+00
       85         12   -0.85170828063756E-01    0.85365647752906E+01
       86         11   -0.18272522403123E+01    0.21795020160502E+00
       86         12    0.56627284678287E-02    0.75543701605248E+01
       87         11    0.56081561148078E-01    0.10594119092873E+02
       87         12    0.72702992776533E-01    0.10723430237402E+02
       88         11   -0.18275128837133E+01    0.22004416239468E+00
       88         12    0.80981244629263E-02    0.76495226878983E+01
       89         11   -0.16006057320249E+01    0.13693716213125E+01
       89         12    0.13787119519723E-01    0.77277997936527E+01
       90         11   -0.16008713660229E+01    0.13780267571100E+01
       90         12    0.12944072389297E-01    0.76348428586296E+01
       91         11   -0.12716197736304E+01    0.29938948915547E+00
       91         12    0.88868847128651E-02    0.79413427609849E+01
       92         11   -0.12724188634738E+01    0.28655096153720E+00
       92         12    0.72809725109661E-02    0.78458099395142E+01
       93         11   -0.73737004202781E+00    0.20658010087116E+01
       93         12   -0.97642027111116E-02    0.87637298269543E+01
       94         11    0.47000205350634E-01    0.11972944418531E+02
       94         12    0.42739508120397E+00    0.16968693078591E+02
       95         11    0.46681106222767E-01    0.11981455787332E+02
       95         12    0.42726972563619E+00    0.16945904327961E+02
       96         11   -0.73682408208840E+00    0.20744336181556E+01
       96         12   -0.91083979618682E-02    0.88134607502140E+01
       97         11    0.57403070693360E-01    0.11497160893883E+02
       97         12    0.57404112298031E-01    0.11497160893883E+02
       98         11    0.57439293737109E-01    0.11519792696073E+02
       98         12    0.57440334864044E-01    0.11519792696073E+02
       99         11   -0.76377791646391E-01    0.59757657879926E+01
       99         12   -0.33685912460030E-01    0.60491566063595E+01
      100         11   -0.63840876259286E-01    0.50332183655238E+01
      100         12   -0.22727787178963E-01    0.67936730257068E+01
      101         11   -0.28664996636908E-01    0.60930856091966E+01
      101         12    0.88904356417886E-02    0.72372946668417E+01
      102         11    0.26805611360334E-01    0.87686761869388E+01
      102         12    0.57216695211341E-01    0.84575951020969E+01
      103         11    0.99824346696089E-01    0.89945301919565E+01
      103         12    0.12652321309371E+00    0.73368580746567E+01
      104         11   -0.15626025525685E+01    0.73763516010044E+00
      104         12    0.69649273793182E-01    0.11021565950007E+02
      105         11   -0.15811281072754E+01    0.10734197629634E+01
      105         12    0.10892610731596E+00    0.10786202129685E+02
      106         11   -0.15803043459492E+01    0.10662979587789E+01
      106         12    0.10735563078579E+00    0.10957513665684E+02
      107         11   -0.18272513283986E+01    0.21795569604810E+00
      107         12    0.56623053940108E-02    0.75543544468728E+01
      108         11   -0.18277314286307E+01    0.21866426533137E+00
      108         12    0.80985070366714E-02    0.76540021392254E+01
      109         11   -0.15733728128100E+01    0.87075496509158E+00
      109         12   -0.36464364816353E-01    0.55232042452028E+01
      110         11    0.28209605314813E-02    0.94764506461660E+01
      110         12    0.10161552980578E+01    0.40486847449347E+01
      111         11   -0.56619201026177E-03    0.94334059782584E+01
      111         12    0.10189964307974E+01    0.40871608951129E+01
      112         11   -0.15724666066517E+01    0.83756608399699E+00
      112         12   -0.33806298757921E-01    0.57470271472667E+01
      113         11   -0.12153652439632E+01    0.38081946403631E+00
      113         12    0.10427376823153E-02    0.72213292723485E+01
      114         11   -0.12170673720643E+01    0.37889046073497E+00
      114         12   -0.21066465556349E-02    0.71769083270774E+01
      115         11   -0.68572238851088E+00    0.16701516349790E+01
      115         12    0.28624756901496E-01    0.91551212820568E+01
      116         11    0.14402373017167E+00    0.86225400248211E+01
      116         12    0.79418824156420E+00    0.13608240393535E+01
      117         11    0.14443366976767E+00    0.86228041137401E+01
      117         12    0.79454307396559E+00    0.13810284784093E+01
      118         11   -0.68572238835642E+00    0.16629714776696E+01
      118         12    0.28624757126674E-01    0.90399449577380E+01
      119         11   -0.11684612231659E+00    0.10456497414698E+02
      119         12   -0.11684478413083E+00    0.10456497414698E+02
      120         11   -0.11666596702194E+00    0.10369713893629E+02
      120         12   -0.11666462612823E+00    0.10369713893629E+02
      121         11    0.20088204615863E-01    0.82670932153234E+01
      121         12    0.60586334043837E-01    0.84572479323785E+01
      122         11    0.40151791482054E-01    0.89597082937814E+01
      122         12    0.78574274225615E-01    0.90211194943275E+01
      123         11    0.96486315910865E-01    0.87747687433598E+01
      123         12    0.13050953023478E+00    0.70030817409812E+01
      124         11   -0.11236364270375E+00    0.10435016616419E+02
      124         12    0.11014071287171E+01    0.19948223544486E+01
      125         11   -0.11509169642323E+00    0.10537726154725E+02
      125         12    0.11048818699364E+01    0.22856336060137E+01
      126         11   -0.16517329166458E+01    0.63036516377622E+00
      126         12   -0.58762585150104E-01    0.55951578232191E+01
      127         11   -0.17216353660150E+01    0.42742707987680E+00
      127         12    0.88924961051695E-01    0.10346902917934E+02
      128         11    0.88591445864717E-01    0.96591863767498E+01
      128         12    0.12648729583225E+01    0.15185855973241E+01
      129         11    0.85842158613461E-01    0.97768803610199E+01
      129         12    0.12680150293595E+01    0.17012662670904E+01
      130         11   -0.17213662163102E+01    0.42861267509378E+00
      130         12    0.88220545249897E-01    0.10363029355733E+02
      131         11   -0.16508946846299E+01    0.64337434972872E+00
      131         12   -0.60852538698006E-01    0.55729199396436E+01
      132         11   -0.15733725483325E+01    0.87074334812816E+00
      132         12   -0.36464699391555E-01    0.55231807454917E+01
      133         11   -0.10683001940630E+00    0.10148633183916E+02
      133         12    0.18426068775671E+01    0.21370982574487E+01
      134         11   -0.10576983547224E+00    0.10053386363765E+02
      134         12    0.18423505512576E+01    0.21378747556813E+01
      135         11   -0.15724609657074E+01    0.83738763953158E+00
      135         12   -0.33697182689128E-01    0.57490709708775E+01
      136         11   -0.11847207124516E+01    0.40833222336979E+00
      136         12   -0.86566867233829E-02    0.69178854948224E+01
      137         11   -0.11850652534539E+01    0.40212158843338E+00
      137         12   -0.93345977155357E-02    0.68935763435840E+01
      138         11   -0.82297228582656E+00    0.13029370846144E+01
      138         12   -0.19155265130403E+00    0.10489520364885E+02
      139         11   -0.64891214965024E+00    0.15040621103894E+01
      139         12    0.50177992643774E-01    0.79379620777515E+01
      140         11   -0.64955591440901E+00    0.14835408515242E+01
      140         12    0.49387658046550E-01    0.79437237816698E+01
      141         11   -0.82368077332722E+00    0.13129301888887E+01
      141         12   -0.19240638192539E+00    0.10468752586086E+02
      142         11   -0.93566615777323E-01    0.82954783291033E+01
      142         12   -0.93564570535407E-01    0.82954783291033E+01
      143         11   -0.93566615709953E-01    0.82680616655974E+01
      143         12   -0.93564570457931E-01    0.82680616655974E+01
      144         11    0.13686683693836E+00    0.71594395168768E+01
      144         12    0.16085298119854E+00    0.91285776578551E+01
      145         11   -0.59760693946432E-01    0.55136963048602E+01
      145         12    0.11987076782222E+01    0.24525001797936E+01
      146         11   -0.58363061465590E-01    0.54898004711560E+01
      146         12    0.11968303488685E+01    0.24875996168020E+01
      147         11    0.14042940729357E+00    0.75008566007370E+01
      147         12    0.13803453986290E+01    0.34080723287503E+01
      148         11    0.14188482043033E+00    0.74592800440197E+01
      148         12    0.13784525399021E+01    0.32878025437715E+01
      149         11   -0.15702426959054E+01    0.81810619356342E+00
      149         12    0.90682002359718E-01    0.10973433222616E+02
      150         11   -0.15878354594196E+01    0.11210153514048E+01
      150         12    0.12672715495462E+00    0.73442476962061E+01
      151         11   -0.81263796063495E-01    0.73924804988036E+01
      151         12    0.22820571775307E+01    0.64490124748908E+01
      152         11   -0.81946863495760E-01    0.76219462571422E+01
      152         12    0.22828439641547E+01    0.62965506001691E+01
      153         11   -0.15876405677427E+01    0.11253448555751E+01
      153         12    0.12808507511889E+00    0.71503320868222E+01
      154         11   -0.16006053873606E+01    0.13692877753221E+01
      154         12    0.13786785395765E-01    0.77278071160478E+01
      155         11   -0.16008779639692E+01    0.13752779288246E+01
      155         12    0.13047508352580E-01    0.76467254466398E+01
      156         11   -0.11847204613488E+01    0.40833469364334E+00
      156         12   -0.86568193058795E-02    0.69178810101799E+01
      157         11   -0.11850451329537E+01    0.40240399311846E+00
      157         12   -0.89766989283076E-02    0.69006277886349E+01
      158         11   -0.80658005682722E+00    0.97657049770314E+00
      158         12   -0.18240550342439E+00    0.10018934114948E+02
      159         11   -0.62420976885831E+00    0.12322477821231E+01
      159         12    0.67178316375822E-01    0.79732316929010E+01
      160         11    0.16473832300046E+00    0.93536185502256E+01
      160         12    0.95639832589861E+00    0.34646433170848E+01
      161         11    0.16436952365129E+00    0.93103878210224E+01
      161         12    0.95616418292968E+00    0.34551348536439E+01
      162         11   -0.62392439248646E+00    0.12209719499623E+01
      162         12    0.67295942185109E-01    0.79840506477101E+01
      163         11   -0.80650044156977E+00    0.96897955747234E+00
      163         12   -0.18238325188678E+00    0.99536691986626E+01
      164         11   -0.70991537126410E-01    0.52710900594608E+01
      164         12   -0.70989079561064E-01    0.52710900594608E+01
      165         11   -0.70944423506322E-01    0.52863532955749E+01
      165         12   -0.70941965083956E-01    0.52863532955749E+01
      166         11   -0.35025226663059E-01    0.68441808838827E+01
      166         12    0.12721819090532E+01    0.20128419682690E+01
      167         11   -0.30069252685178E-01    0.70480309904593E+01
      167         12    0.12658647657438E+01    0.17513564065814E+01
      168         11   -0.68884756762476E-01    0.57596262705860E+01
      168         12    0.24548162940519E+01    0.28030468504728E+01
      169         11   -0.71244854877784E-01    0.60690793538881E+01
      169         12    0.24583170768113E+01    0.27019187193704E+01
      170         11   -0.16560508592354E+01    0.59726776568580E+00
      170         12   -0.71791808744149E-01    0.60113082367694E+01
      171         11   -0.16516213592932E+01    0.90339633744975E+00
      171         12    0.85515207340124E-01    0.98757454650645E+01
      172         11    0.15278519559904E+00    0.80372703076433E+01
      172         12    0.27642905028149E+01    0.30067579401442E+01
      173         11    0.14663762879745E+00    0.73028932269456E+01
      173         12    0.27600073318377E+01    0.26468324143392E+01
      174         11   -0.16512081530731E+01    0.90915521283457E+00
      174         12    0.86902251552483E-01    0.98943371436991E+01
      175         11   -0.16568808881022E+01    0.58639446674053E+00
      175         12   -0.67663590945121E-01    0.57786053108247E+01
      176         11   -0.12153650003569E+01    0.38082352665019E+00
      176         12    0.10433152578319E-02    0.72213335344707E+01
      177         11    0.13228503401358E+00    0.64434981192818E+01
      177         12    0.18277096133514E+01    0.16026776804977E+01
      178         11    0.12895126668639E+00    0.64808707275631E+01
      178         12    0.18240546341391E+01    0.16214334521896E+01
      179         11   -0.12172454047338E+01    0.37927371894212E+00
      179         12   -0.19416265049563E-02    0.71956843831308E+01
      180         11   -0.82297229352811E+00    0.13029383821936E+01
      180         12   -0.19155184686596E+00    0.10489538138038E+02
      181         11   -0.62420981233862E+00    0.12322505724359E+01
      181         12    0.67178761160790E-01    0.79732457489973E+01
      182         11    0.15745210656795E+00    0.80268331550555E+01
      182         12    0.97045821187750E+00    0.35406986743832E+01
      183         11    0.15745210647644E+00    0.80408884231200E+01
      183         12    0.97045821182773E+00    0.35461720811017E+01
      184         11   -0.62381460920699E+00    0.12162574923649E+01
      184         12    0.67547047797660E-01    0.79889644803506E+01
      185         11   -0.82365970509110E+00    0.13124124644496E+01
      185         12   -0.19218295302972E+00    0.10473369744140E+02
      186         11   -0.58353924824494E-01    0.47134816020248E+01
      186         12   -0.58351332600110E-01    0.47134816020248E+01
      187         11   -0.58190796259893E-01    0.47500569036448E+01
      187         12   -0.58188200818685E-01    0.47500569036448E+01
      188         11   -0.24118106053875E-01    0.85723663353484E+01
      188         12    0.13238936884597E+01    0.30215898947016E+01
      189         11   -0.18924261604339E-01    0.89194450815788E+01
      189         12    0.13176280834722E+01    0.29015476820646E+01
      190         11   -0.78495740004687E-01    0.75448107173672E+01
      190         12    0.25302705125034E+01    0.41654973391384E+01
      191         11   -0.80624364434799E-01    0.81054075433184E+01
      191         12    0.25334230226260E+01    0.41016190986592E+01
      192         11    0.11613268608871E+00    0.77673010731937E+01
      192         12    0.37215715222308E+01    0.16764138792062E+01
      193         11    0.11003987880750E+00    0.81497783849679E+01
      193         12    0.37255170835177E+01    0.15603793513063E+01
      194         11   -0.15824588528438E+01    0.10203929492153E+01
      194         12    0.31065500152987E-01    0.97683022818467E+01
      195         11   -0.15988909032373E+01    0.12556513574200E+01
      195         12    0.66877878938222E-01    0.10047787253422E+02
      196         11    0.76191407866457E-01    0.84826849494353E+01
      196         12    0.29043595662837E+01    0.66926400661521E+00
      197         11    0.71827095578823E-01    0.84620095800579E+01
      197         12    0.28994039511232E+01    0.58425519910225E+00
      198         11   -0.15994227413318E+01    0.12565727743441E+01
      198         12    0.70174229974848E-01    0.10327317861372E+02
      199         11   -0.12716200566163E+01    0.29938735384803E+00
      199         12    0.88889284208086E-02    0.79414516175291E+01
      200         11    0.98966425434438E-01    0.77501344229776E+01
      200         12    0.18468150872589E+01    0.20605423797918E+01
      201         11    0.98966425304324E-01    0.78030325305406E+01
      201         12    0.18468150872372E+01    0.20598933012571E+01
      202         11   -0.12727284151281E+01    0.28316438819525E+00
      202         12    0.69047134339383E-02    0.78598861342326E+01
      203         11   -0.64891256592333E+00    0.15040586550369E+01
      203         12    0.50179744047073E-01    0.79379436842535E+01
      204         11    0.15608416257109E+00    0.77313814173092E+01
      204         12    0.97953390949937E+00    0.37542195769247E+01
      205         11    0.15750980438747E+00    0.78938409104360E+01
      205         12    0.98098025429777E+00    0.37969627683158E+01
      206         11   -0.64977404852506E+00    0.14799414894568E+01
      206         12    0.49263103160289E-01    0.79526609478836E+01
      207         11   -0.70991379567142E-01    0.52710862049527E+01
      207         12   -0.70988922076951E-01    0.52710862049527E+01
      208         11   -0.70944265189837E-01    0.52863465896694E+01
      208         12   -0.70941806796325E-01    0.52863465896694E+01
      209         11   -0.39318699341755E-01    0.89756697299137E+01
      209         12    0.13278525025840E+01    0.38832992449406E+01
      210         11   -0.39318699251126E-01    0.86627614248074E+01
      210         12    0.13278525025016E+01    0.37672097103152E+01
      211         11    0.22571072204421E-01    0.12301030451562E+02
      211         12    0.13830793281408E+01    0.51456867791469E+01
      212         11    0.22602675170783E-01    0.12491751867892E+02
      212         12    0.13830736428012E+01    0.51286038137010E+01
      213         11   -0.10471793252094E+00    0.11618028631098E+02
      213         12    0.25203915174821E+01    0.45295816147341E+01
      214         11   -0.10475747886309E+00    0.11588089214451E+02
      214         12    0.25204177876315E+01    0.43600806789267E+01
      215         11    0.75086048925531E-01    0.96730284800583E+01
      215         12    0.38797095110829E+01    0.13228019258735E+01
      216         11    0.75736285944016E-01    0.96745779784679E+01
      216         12    0.38791353735426E+01    0.13027729576691E+01
      217         11    0.23392909215893E-01    0.91696223446729E+01
      217         12    0.43243415352968E+01    0.56572685250972E+00
      218         11    0.23741619704398E-01    0.92310387438178E+01
      218         12    0.43245150352142E+01    0.56256750019475E+00
      219         11    0.38481249320995E-01    0.88628089572198E+01
      219         12    0.29339198637921E+01    0.10898377881679E+01
      220         11    0.38481249257607E-01    0.87971952295630E+01
      220         12    0.29339198637570E+01    0.99433606306767E+00
      221         11   -0.15218875893279E+01    0.36443719884956E+00
      221         12   -0.18719474154301E+00    0.14125111841364E+02
      222         11   -0.13496674988277E+01    0.34145233825144E+00
      222         12    0.74845666712292E-02    0.88929526934962E+01
      223         11    0.98965649441126E-01    0.77501589787865E+01
      223         12    0.18468147900585E+01    0.20605277264030E+01
      224         11    0.99601017636119E-01    0.77650521530765E+01
      224         12    0.18475748971581E+01    0.20966147000401E+01
      225         11   -0.13494421475314E+01    0.34127081578082E+00
      225         12    0.79572762792334E-02    0.88747670436938E+01
      226         11   -0.15212268044298E+01    0.36064107175863E+00
      226         12   -0.18560883207513E+00    0.13917496092872E+02
      227         11   -0.68572343753015E+00    0.16701944183756E+01
      227         12    0.28627689222573E-01    0.91552609028953E+01
      228         11    0.15745085298807E+00    0.80266490004463E+01
      228         12    0.97045878080668E+00    0.35407082787012E+01
      229         11    0.15815599150584E+00    0.81030733089681E+01
      229         12    0.97127143870092E+00    0.35624991226785E+01
      230         11   -0.68651553859870E+00    0.16796927006890E+01
      230         12    0.27588027749523E-01    0.90464689936030E+01
      231         11   -0.93566462457544E-01    0.82954439665812E+01
      231         12   -0.93564417268140E-01    0.82954439665812E+01
      232         11   -0.93566462381865E-01    0.82680312304805E+01
      232         12   -0.93564417194216E-01    0.82680312304805E+01
      233         11   -0.10749192762703E+00    0.13570866522616E+02
      233         12    0.24106591473749E+01    0.80110781262348E+01
      234         11   -0.10440174200583E+00    0.13533468186509E+02
      234         12    0.24069603088841E+01    0.77814900825345E+01
      235         11    0.51040778375949E-01    0.10520447934445E+02
      235         12    0.35772639790865E+01    0.33259871664671E+01
      236         11    0.58716023749602E-01    0.10410740050623E+02
      236         12    0.35665336614047E+01    0.37377296017880E+01
      237         11    0.78251987548820E-02    0.89307950431157E+01
      237         12    0.43953967215205E+01    0.31291228545649E+00
      238         11    0.13974711576481E-01    0.93959244034202E+01
      238         12    0.43858378999581E+01    0.27193272448409E+00
      239         11    0.23391616501362E-01    0.91695361128765E+01
      239         12    0.43243403289262E+01    0.56569925834044E+00
      240         11    0.23391616386070E-01    0.92237593400320E+01
      240         12    0.43243403290491E+01    0.55881509604750E+00
      241         11    0.76190273971591E-01    0.84826586265014E+01
      241         12    0.29043581714883E+01    0.66922653125238E+00
      242         11    0.72127840446050E-01    0.84625379900675E+01
      242         12    0.28997370279130E+01    0.59261608455622E+00
      243         11   -0.16117582911477E+01    0.11652635083899E+01
      243         12   -0.16119506347284E+00    0.13469012298240E+02
      244         11   -0.14551707453704E+01    0.68563824873735E+00
      244         12   -0.13717185278778E-01    0.95378128257041E+01
      245         11    0.13228382622424E+00    0.64435049970248E+01
      245         12    0.18277108358095E+01    0.16026658103908E+01
      246         11    0.12978619631673E+00    0.64145297674010E+01
      246         12    0.18250036127158E+01    0.16176574920724E+01
      247         11   -0.14556538253043E+01    0.68568982582570E+00
      247         12   -0.14363462006379E-01    0.94247684504156E+01
      248         11   -0.16107482061104E+01    0.11963387664587E+01
      248         12   -0.16157874685369E+00    0.13366116797944E+02
      249         11   -0.73737146245542E+00    0.20657947936721E+01
      249         12   -0.97612173029013E-02    0.87639209535719E+01
      250         11    0.16473658503802E+00    0.93533420294606E+01
      250         12    0.95640064415296E+00    0.34646914204433E+01
      251         11    0.16455379083971E+00    0.93253241966338E+01
      251         12    0.95627533149601E+00    0.34514764003678E+01
      252         11   -0.73727727067819E+00    0.20697141547096E+01
      252         12   -0.98346922567127E-02    0.87968001445896E+01
      253         11   -0.11684612421163E+00    0.10456579918081E+02
      253         12   -0.11684478605854E+00    0.10456579918081E+02
      254         11   -0.11666596711076E+00    0.10369794803624E+02
      254         12   -0.11666462631758E+00    0.10369794803624E+02
      255         11   -0.97215474806563E-01    0.17013808840087E+02
      255         12    0.21604515135260E+01    0.32425991449201E+01
      256         11   -0.91993812631676E-01    0.16928962259628E+02
      256         12    0.21552499543120E+01    0.38001027890075E+01
      257         11   -0.50969025110488E-02    0.14419501344589E+02
      257         12    0.22247402411628E+01    0.93157424899841E+01
      258         11   -0.27486472003758E-03    0.14647018015922E+02
      258         12    0.22197703281730E+01    0.81057236958584E+01
      259         11    0.83432127859256E-01    0.12486581626051E+02
      259         12    0.30603244296918E+01    0.36306386874649E+00
      260         11    0.93489994061044E-01    0.12181426626327E+02
      260         12    0.30478249472711E+01    0.31286808552832E+00
      261         11    0.51038924151953E-01    0.10520509725401E+02
      261         12    0.35772633107423E+01    0.33259529416247E+01
      262         11    0.58511974383550E-01    0.10420550580360E+02
      262         12    0.35666231262073E+01    0.37360932342225E+01
      263         11    0.75083768982768E-01    0.96729831151843E+01
      263         12    0.38797088514083E+01    0.13227768713043E+01
      264         11    0.75083768755680E-01    0.97088722411341E+01
      264         12    0.38797088518079E+01    0.13165189693247E+01
      265         11    0.11613190143368E+00    0.77673677965335E+01
      265         12    0.37215719185099E+01    0.16763999770078E+01
      266         11    0.10966453924674E+00    0.81892863348788E+01
      266         12    0.37254929159170E+01    0.15596579136155E+01
      267         11    0.15278561181081E+00    0.80372713796469E+01
      267         12    0.27642913222549E+01    0.30069624126831E+01
      268         11    0.14676110636484E+00    0.73054860814254E+01
      268         12    0.27601910944473E+01    0.26618266852629E+01
      269         11   -0.16003955660434E+01    0.13792924700343E+01
      269         12   -0.13277402521939E+00    0.14400840131738E+02
      270         11   -0.15893690658161E+01    0.30737847568118E+01
      270         12   -0.72896184932129E-01    0.94264606871538E+01
      271         11   -0.13532780746877E+01    0.56733175239562E+00
      271         12    0.96760426349554E-01    0.13516834370016E+02
      272         11   -0.13547036413646E+01    0.57203248164869E+00
      272         12    0.95711557892460E-01    0.13537877198212E+02
      273         11   -0.15900087055510E+01    0.30661333465148E+01
      273         12   -0.73632478269765E-01    0.94729559525850E+01
      274         11   -0.82639162395475E+00    0.22000500602950E+01
      274         12   -0.11127887031015E+00    0.12261211443430E+02
      275         11   -0.82658186956093E+00    0.22117768464954E+01
      275         12   -0.11136759136902E+00    0.12194542974727E+02
      276         11   -0.97217776349321E-01    0.17013895602466E+02
      276         12    0.21604523207752E+01    0.32425862060279E+01
      277         11   -0.91995931002440E-01    0.16929144210888E+02
      277         12    0.21552506627273E+01    0.38000893729106E+01
      278         11   -0.50988411871700E-02    0.14419514086717E+02
      278         12    0.22247411323003E+01    0.93160372897013E+01
      279         11   -0.27368357683096E-03    0.14649191814363E+02
      279         12    0.22197810236658E+01    0.81005077395805E+01
      280         11   -0.10749412708407E+00    0.13570913320975E+02
      280         12    0.24106597357586E+01    0.80111113904589E+01
      281         11   -0.10430208903603E+00    0.13534841939553E+02
      281         12    0.24069937032517E+01    0.77713387248708E+01
      282         11   -0.10471890865082E+00    0.11618060201373E+02
      282         12    0.25203903260527E+01    0.45295569992416E+01
      283         11   -0.10471890872062E+00    0.11587058569283E+02
      283         12    0.25203903260421E+01    0.43558280159260E+01
      284         11   -0.78495587443656E-01    0.75447097692366E+01
      284         12    0.25302683160625E+01    0.41655061596258E+01
      285         11   -0.80570350316587E-01    0.80967759942122E+01
      285         12    0.25335818500541E+01    0.40989982773442E+01
      286         11   -0.68884495226763E-01    0.57595967588429E+01
      286         12    0.24548154938241E+01    0.28030644000856E+01
      287         11   -0.70957867055444E-01    0.60402903923366E+01
      287         12    0.24585274073549E+01    0.27067558300271E+01
      288         11   -0.81264437801331E-01    0.73925022561315E+01
      288         12    0.22820579527349E+01    0.64489939326422E+01
      289         11   -0.81897079528947E-01    0.76142115831084E+01
      289         12    0.22828546573262E+01    0.62939194649088E+01
      290         11   -0.10683140440877E+00    0.10148749167957E+02
      290         12    0.18426077787510E+01    0.21371497507120E+01
      291         11   -0.10565460712268E+00    0.10055114038128E+02
      291         12    0.18422510046398E+01    0.21365625887531E+01
      292         11   -0.14325192239010E+01    0.92768375508587E+00
      292         12   -0.11274646029801E+00    0.13909780158903E+02
      293         11   -0.11508391292672E+01    0.10797124557951E+01
      293         12    0.77678135690389E-01    0.14807019738461E+02
      294         11   -0.11518027026564E+01    0.10789322038433E+01
      294         12    0.77879596198070E-01    0.14829329609157E+02
      295         11   -0.14331432700533E+01    0.93355278555390E+00
      295         12   -0.11251086682309E+00    0.13865267279052E+02
      296         11   -0.60787768787923E+00    0.14151487630095E+01
      296         12    0.89633386548955E-02    0.12692198356688E+02
      297         11    0.14402232396279E+00    0.86223157863177E+01
      297         12    0.79419010919692E+00    0.13608074997092E+01
      298         11    0.14464465519843E+00    0.86346726442652E+01
      298         12    0.79433354158275E+00    0.13774700313357E+01
      299         11   -0.60801805741837E+00    0.14228802925177E+01
      299         12    0.89621729016728E-02    0.12660173182962E+02
      300         11    0.57403015122177E-01    0.11497187298527E+02
      300         12    0.57404056730565E-01    0.11497187298527E+02
      301         11    0.57439238224763E-01    0.11519823296474E+02
      301         12    0.57440279409565E-01    0.11519823296474E+02
      302         11   -0.39311568284596E-01    0.89758689569237E+01
      302         12    0.13278583384665E+01    0.38835984816599E+01
      303         11   -0.39311568204370E-01    0.86629421711252E+01
      303         12    0.13278583383768E+01    0.37674270199680E+01
      304         11    0.22578050094974E-01    0.12301461965277E+02
      304         12    0.13830848759635E+01    0.51462100201368E+01
      305         11    0.22578050154635E-01    0.12507935291118E+02
      305         12    0.13830848757982E+01    0.51248059981425E+01
      306         11   -0.24108767747975E-01    0.85734662634240E+01
      306         12    0.13238994530659E+01    0.30217496954329E+01
      307         11   -0.19066279750100E-01    0.89224755769011E+01
      307         12    0.13175864709113E+01    0.29006143415243E+01
      308         11   -0.35018192676669E-01    0.68445649411935E+01
      308         12    0.12721859446078E+01    0.20130513416663E+01
      309         11   -0.30163521479434E-01    0.70435412894747E+01
      309         12    0.12658282971983E+01    0.17500876913173E+01
      310         11   -0.59759035884940E-01    0.55136997605028E+01
      310         12    0.11987089404771E+01    0.24524849060742E+01
      311         11   -0.58235565670645E-01    0.54908679292737E+01
      311         12    0.11968469035490E+01    0.24821401853577E+01
      312         11   -0.89177398370696E+00    0.81139739052063E+00
      312         12    0.10357097854104E+00    0.10760500007527E+02
      313         11   -0.87179903268263E+00    0.13397477610859E+01
      313         12    0.13668691795909E+00    0.82177422252545E+01
      314         11   -0.11236667039942E+00    0.10435283802902E+02
      314         12    0.11014060232766E+01    0.19946608497553E+01
      315         11    0.14042918966645E+00    0.75007727349544E+01
      315         12    0.13803451527402E+01    0.34079806201130E+01
      316         11    0.14218898921144E+00    0.74768543184962E+01
      316         12    0.13784357721420E+01    0.32862274026833E+01
      317         11   -0.11532077914913E+00    0.10558175358422E+02
      317         12    0.11047146339036E+01    0.22796855094452E+01
      318         11   -0.86978328398913E+00    0.14087375208094E+01
      318         12    0.13317985211161E+00    0.82769365770980E+01
      319         11   -0.97745398136992E+00    0.10973502695939E+01
      319         12    0.30792261749677E-02    0.10321051191209E+02
      320         11   -0.94497209729776E+00    0.77888509706687E+00
      320         12    0.45930142479394E-01    0.11445467721214E+02
      321         11    0.88588981790828E-01    0.96592085952998E+01
      321         12    0.12648714385814E+01    0.15185074784013E+01
      322         11    0.85668344515892E-01    0.97882469456497E+01
      322         12    0.12679318995847E+01    0.17002308536312E+01
      323         11   -0.94293971205091E+00    0.76519618316731E+00
      323         12    0.42973895512931E-01    0.11440363798691E+02
      324         11   -0.10209861082489E+01    0.13957296236651E+01
      324         12   -0.10077613541240E+00    0.12759597944750E+02
      325         11   -0.85687992364123E+00    0.25400648820542E+01
      325         12    0.59917343111619E-01    0.12924384144318E+02
      326         11    0.28190414375238E-02    0.94763715352256E+01
      326         12    0.10161537488538E+01    0.40486318898002E+01
      327         11   -0.38955329692865E-03    0.94278067013622E+01
      327         12    0.10189971517589E+01    0.40784959004458E+01
      328         11   -0.85472137709646E+00    0.26404505710026E+01
      328         12    0.58016441407478E-01    0.12901923634130E+02
      329         11   -0.10193354804292E+01    0.13780556872313E+01
      329         12   -0.10226484171162E+00    0.12769831057155E+02
      330         11   -0.82765434861525E+00    0.32056832912967E+01
      330         12   -0.11776211474283E+00    0.14620391453068E+02
      331         11   -0.82672558150355E+00    0.31759303990922E+01
      331         12   -0.11791283376966E+00    0.14678599135692E+02
      332         11   -0.35788507847489E+00    0.13612532742567E+02
      332         12    0.12095109191807E-01    0.13650398005142E+02
      333         11    0.46999392987910E-01    0.11973160946099E+02
      333         12    0.42739606209141E+00    0.16968598185692E+02
      334         11    0.46854132954088E-01    0.11965141471300E+02
      334         12    0.42727958555021E+00    0.16919345914921E+02
      335         11   -0.35783225977391E+00    0.13637129731362E+02
      335         12    0.12166515020050E-01    0.13620451165911E+02
      336         11   -0.15397243651397E+00    0.89243106015522E+01
      336         12   -0.11876534850356E+00    0.84999271473330E+01
      337         11   -0.76373589653547E-01    0.59750907356137E+01
      337         12   -0.33692372085558E-01    0.60487677669599E+01
      338         11    0.20097317791270E-01    0.82676555406945E+01
      338         12    0.60586242640951E-01    0.84572027111679E+01
      339         11    0.13688128603418E+00    0.71592806721596E+01
      339         12    0.16086097309358E+00    0.91291254144538E+01
      340         11    0.13688128603278E+00    0.71592805508276E+01
      340         12    0.16086097309629E+00    0.91291251212644E+01
      341         11    0.20097317807064E-01    0.82676552874602E+01
      341         12    0.60586242638246E-01    0.84572023250600E+01
      342         11   -0.76373589625252E-01    0.59750905872254E+01
      342         12   -0.33692372100824E-01    0.60487675614712E+01
      343         11   -0.15397243648993E+00    0.89243105124668E+01
      343         12   -0.11876534852684E+00    0.84999269735379E+01
      344         11   -0.14745770629428E+00    0.91914752745723E+01
      344         12   -0.11299413754463E+00    0.82305385511275E+01
      345         11   -0.63836931207210E-01    0.50330967163234E+01
      345         12   -0.22733354886093E-01    0.67932877877115E+01
      346         11    0.40160528304820E-01    0.89595143181610E+01
      346         12    0.78575052640297E-01    0.90209808826226E+01
      347         11    0.40172561281762E-01    0.89633018926183E+01
      347         12    0.78581889855647E-01    0.90209012365689E+01
      348         11   -0.63848852475951E-01    0.50359173133119E+01
      348         12   -0.22697100635765E-01    0.67953639129404E+01
      349         11   -0.14749614650709E+00    0.91947566661033E+01
      349         12   -0.11294616335749E+00    0.82277412684087E+01
      350         11   -0.12984739599642E+00    0.94925390095207E+01
      350         12   -0.97119819634816E-01    0.80361712416707E+01
      351         11   -0.28661689149927E-01    0.60932592028855E+01
      351         12    0.88870519941418E-02    0.72371390450674E+01
      352         11    0.96493725779103E-01    0.87747117810472E+01
      352         12    0.13051190923359E+00    0.70029032220718E+01
      353         11    0.96549824515087E-01    0.87829870713095E+01
      353         12    0.13055932416899E+00    0.69945696521927E+01
      354         11   -0.28615911616924E-01    0.60984100332737E+01
      354         12    0.89817571115652E-02    0.72366862816779E+01
      355         11   -0.12986263344337E+00    0.94971971929607E+01
      355         12   -0.97044723487499E-01    0.80315130147318E+01
      356         11   -0.10279719489823E+00    0.85420113659574E+01
      356         12   -0.75009767832562E-01    0.57387113099669E+01
      357         11    0.26806916950801E-01    0.87687208543614E+01
      357         12    0.57214989883897E-01    0.84575625682706E+01
      358         11    0.26847329744688E-01    0.87755209873561E+01
      358         12    0.57273274973006E-01    0.84593929461956E+01
      359         11   -0.10279015781146E+00    0.85444602469589E+01
      359         12   -0.74973772617457E-01    0.57332990814010E+01
      360         11   -0.67627262980370E-01    0.55791671508027E+01
      360         12   -0.43327584087784E-01    0.59134005985540E+01
      361         11    0.99823193006311E-01    0.89944905742133E+01
      361         12    0.12652113723670E+00    0.73369703539453E+01
      362         11    0.99721124290774E-01    0.89959593931296E+01
      362         12    0.12632470090839E+00    0.73507084812616E+01
      363         11   -0.67655292116219E-01    0.55806277441771E+01
      363         12   -0.43432390918452E-01    0.59141320385959E+01
      364         11   -0.19507457873655E-01    0.76321541707460E+01
      364         12    0.63773315348673E-02    0.85343345853203E+01
      365         11   -0.19580051960230E-01    0.76265018065485E+01
      365         12    0.61494926557950E-02    0.85382514373839E+01
      366         11    0.56080942196707E-01    0.10594178935620E+02
      366         12    0.72699380129960E-01    0.10723252941459E+02
      367         11    0.56032098529077E-01    0.10601594251150E+02
      367         12    0.72552951327004E-01    0.10741855989083E+02
      368         11   -0.14383996033455E+00    0.14644892593635E+02
      368         12   -0.12705551532408E+00    0.15040946637463E+02
      369         11   -0.14388645643448E+00    0.14664354615470E+02
      369         12   -0.12707785586141E+00    0.15049793627863E+02
      370         11   -0.13053674083858E+00    0.15944601089121E+02
      370         12   -0.12238910540007E+00    0.15231959660664E+02
      371         11   -0.13055655415156E+00    0.15965731445552E+02
      371         12   -0.12240190031255E+00    0.15241253916626E+02
      372         11   -0.12504161299385E+00    0.15890125446680E+02
      372         12   -0.12503894938343E+00    0.15890125446680E+02
      373         11   -0.12504161288627E+00    0.15890124949940E+02
      373         12   -0.12503894938401E+00    0.15890124949940E+02
